15 asd 1744007888 1744007858 120.36 5 1 11 850 1
3 c 1743962976 13773080 0.00 1 0 23 0 1
6 f 1743962987 807415857 0.00 1 0 26 0 1
11 k 1743963014 807415857 0.00 1 0 31 0 1
12a a 1744009618 1744009622 0.00 1 0 33 100 0
1 a 1744015971 1744016129 14.76 3 0 21 900 0
10 j 1743963011 807415857 0.00 1 0 30 0 1
12 l 1744009645 1744009630 262.92 2 2 1 600 1
13 m 1743963233 0 0.00 1 0 22 0 1
5 e 1743962984 807415857 0.00 1 0 25 0 1
2 b 1743962974 1743963111 0.04 1 0 22 100 0
7 g 1743962991 807415857 0.00 1 0 27 0 1
3 c 1743962976 13773080 0.00 1 0 23 0 1
32447855 a 1744016627 0 0.00 1 0 21 0 1
4 d 1743962981 1413567324 0.00 1 0 24 0 1
6 f 1743962987 807415857 0.00 1 0 26 0 1
8 h 1743963001 807415857 0.00 1 0 28 0 1
9 i 1743963006 1744016058 14.74 1 0 29 700 0
